time,lat,lon,elevation,accuracy,bearing,speed
2015-08-27T11:10:59Z,51.651644,14.242077,113.699997,9.000000,21.900000,26.500000
2015-08-27T11:11:00Z,51.651854,14.242230,114.500000,10.000000,21.700001,26.500000
2015-08-27T11:11:01Z,51.652075,14.242356,114.099998,8.000000,21.400000,26.500000
2015-08-27T11:11:02Z,51.652309,14.242469,114.500000,7.000000,20.900000,26.250000
2015-08-27T11:11:03Z,51.652546,14.242575,115.699997,7.000000,20.100000,26.250000
2015-08-27T11:11:04Z,51.652802,14.242705,121.199997,7.000000,19.400000,26.500000
2015-08-27T11:11:05Z,51.652989,14.242858,121.300003,7.000000,20.100000,26.000000
2015-08-27T11:11:06Z,51.653219,14.242918,120.800003,7.000000,18.000000,26.000000
2015-08-27T11:11:07Z,51.653454,14.243002,120.199997,6.000000,16.299999,26.250000
2015-08-27T11:11:08Z,51.653715,14.243026,119.900002,4.000000,11.900000,27.250000
2015-08-27T11:11:09Z,51.653968,14.243110,121.400002,4.000000,9.600000,27.500000
2015-08-27T11:11:10Z,51.654213,14.243177,121.099998,5.000000,8.700000,27.250000
2015-08-27T11:11:11Z,51.654472,14.243210,123.000000,5.000000,7.400000,27.250000
2015-08-27T11:11:12Z,51.654711,14.243257,124.199997,5.000000,6.900000,27.250000
2015-08-27T11:11:13Z,51.654961,14.243301,124.699997,5.000000,5.400000,27.250000
2015-08-27T11:11:14Z,51.655226,14.243278,126.400002,4.000000,1.100000,27.750000
2015-08-27T11:11:15Z,51.655481,14.243269,127.199997,4.000000,359.700012,27.500000
2015-08-27T11:11:16Z,51.655737,14.243255,126.699997,5.000000,358.500000,27.750000
2015-08-27T11:11:17Z,51.655981,14.243234,127.500000,5.000000,356.899994,27.750000
2015-08-27T11:11:18Z,51.656253,14.243205,127.599998,5.000000,356.399994,28.000000
2015-08-27T11:11:19Z,51.656514,14.243172,127.400002,6.000000,356.000000,28.250000
2015-08-27T11:11:20Z,51.656765,14.243098,128.000000,6.000000,353.500000,28.250000
2015-08-27T11:11:21Z,51.657037,14.243014,127.199997,6.000000,351.100006,28.750000
2015-08-27T11:11:22Z,51.657307,14.242941,127.300003,7.000000,350.399994,29.000000
2015-08-27T11:11:23Z,51.657539,14.242836,127.099998,5.000000,347.799988,28.750000
2015-08-27T11:11:24Z,51.657782,14.242742,127.500000,5.000000,346.799988,29.000000
2015-08-27T11:11:25Z,51.658027,14.242629,127.699997,4.000000,346.000000,29.000000
2015-08-27T11:11:26Z,51.658269,14.242522,127.400002,4.000000,345.299988,29.250000
2015-08-27T11:11:27Z,51.658522,14.242407,127.699997,4.000000,345.100006,29.250000
2015-08-27T11:11:28Z,51.658774,14.242304,127.099998,4.000000,345.100006,29.000000
2015-08-27T11:11:29Z,51.659031,14.242198,127.000000,4.000000,345.100006,29.250000
2015-08-27T11:11:30Z,51.659280,14.242092,127.000000,4.000000,344.899994,29.500000
2015-08-27T11:11:31Z,51.659531,14.241987,127.000000,4.000000,345.200012,29.500000
2015-08-27T11:11:32Z,51.659784,14.241880,127.000000,4.000000,345.500000,29.500000
2015-08-27T11:11:33Z,51.660038,14.241780,126.699997,4.000000,346.000000,29.750000
2015-08-27T11:11:34Z,51.660291,14.241682,126.900002,5.000000,346.100006,29.500000
2015-08-27T11:11:35Z,51.660561,14.241593,126.199997,4.000000,347.100006,29.750000
2015-08-27T11:11:36Z,51.660834,14.241498,126.000000,5.000000,347.899994,29.750000
2015-08-27T11:11:37Z,51.661096,14.241418,126.099998,5.000000,348.600006,29.750000
2015-08-27T11:11:38Z,51.661376,14.241348,125.699997,5.000000,350.000000,30.000000
2015-08-27T11:11:39Z,51.661649,14.241297,125.900002,6.000000,351.600006,30.000000
2015-08-27T11:11:40Z,51.661911,14.241265,126.400002,4.000000,354.399994,29.750000
2015-08-27T11:11:41Z,51.662167,14.241240,127.400002,5.000000,356.299988,29.500000
2015-08-27T11:11:42Z,51.662426,14.241234,127.599998,4.000000,358.600006,29.250000
2015-08-27T11:11:43Z,51.662691,14.241233,127.900002,5.000000,359.200012,29.250000
2015-08-27T11:11:44Z,51.662948,14.241236,128.500000,5.000000,0.000000,29.250000
2015-08-27T11:11:45Z,51.663200,14.241295,128.899994,4.000000,4.200000,29.000000
2015-08-27T11:11:46Z,51.663469,14.241326,128.699997,5.000000,4.400000,29.000000
2015-08-27T11:11:47Z,51.663741,14.241371,127.900002,4.000000,6.200000,29.250000
2015-08-27T11:11:48Z,51.663996,14.241429,128.000000,5.000000,7.200000,29.000000
2015-08-27T11:11:49Z,51.664252,14.241487,128.000000,5.000000,7.700000,29.000000
2015-08-27T11:11:50Z,51.664510,14.241560,128.000000,6.000000,8.500000,29.000000
2015-08-27T11:11:51Z,51.664778,14.241629,128.300003,6.000000,9.100000,29.000000
2015-08-27T11:11:52Z,51.665026,14.241810,128.899994,5.000000,15.100000,29.250000
2015-08-27T11:11:53Z,51.665283,14.241928,128.899994,5.000000,15.400000,29.250000
2015-08-27T11:11:54Z,51.665540,14.242044,129.000000,6.000000,15.900000,29.250000
2015-08-27T11:11:55Z,51.665787,14.242183,129.399994,5.000000,18.299999,29.750000
2015-08-27T11:11:56Z,51.666005,14.242347,129.399994,6.000000,20.400000,29.500000
2015-08-27T11:11:57Z,51.666212,14.242537,129.800003,6.000000,23.000000,29.000000
2015-08-27T11:11:58Z,51.666448,14.242718,130.199997,6.000000,23.799999,29.000000
2015-08-27T11:11:59Z,51.666683,14.242896,130.300003,6.000000,24.299999,29.000000
2015-08-27T11:12:00Z,51.666882,14.243102,131.399994,11.000000,26.700001,28.750000
2015-08-27T11:12:01Z,51.667115,14.243300,132.300003,12.000000,27.200001,28.750000
2015-08-27T11:12:02Z,51.667318,14.243504,132.100006,12.000000,28.200001,28.500000
2015-08-27T11:12:03Z,51.667540,14.243704,132.100006,12.000000,28.600000,28.500000
2015-08-27T11:12:04Z,51.667740,14.243909,132.300003,12.000000,29.299999,28.250000
2015-08-27T11:12:05Z,51.667998,14.244162,132.500000,12.000000,30.100000,29.000000
2015-08-27T11:12:06Z,51.668227,14.244377,132.600006,12.000000,30.299999,29.000000
2015-08-27T11:12:07Z,51.668436,14.244621,133.000000,12.000000,31.100000,29.000000
2015-08-27T11:12:08Z,51.668684,14.244817,132.699997,12.000000,30.299999,29.250000
2015-08-27T11:12:09Z,51.668938,14.245040,132.399994,12.000000,30.100000,29.750000
2015-08-27T11:12:10Z,51.669164,14.245241,132.899994,11.000000,29.799999,29.500000
2015-08-27T11:12:11Z,51.669378,14.245458,133.100006,12.000000,30.100000,29.250000
2015-08-27T11:12:12Z,51.669603,14.245668,133.100006,12.000000,30.200001,29.250000
2015-08-27T11:12:13Z,51.669797,14.245882,132.399994,11.000000,30.700001,29.250000
2015-08-27T11:12:14Z,51.670046,14.246098,132.199997,11.000000,30.600000,29.000000
2015-08-27T11:12:15Z,51.670259,14.246318,132.800003,10.000000,30.200001,29.250000
2015-08-27T11:12:16Z,51.670500,14.246526,132.600006,10.000000,29.900000,29.250000
2015-08-27T11:12:17Z,51.670718,14.246729,132.800003,10.000000,29.700001,29.250000
2015-08-27T11:12:18Z,51.670937,14.246936,132.000000,11.000000,29.700001,29.000000
2015-08-27T11:12:19Z,51.671160,14.247149,131.600006,11.000000,29.799999,29.000000
2015-08-27T11:12:20Z,51.671377,14.247357,131.199997,12.000000,29.900000,29.000000
2015-08-27T11:12:21Z,51.671568,14.247574,130.699997,10.000000,31.000000,28.500000
2015-08-27T11:12:22Z,51.671790,14.247778,130.699997,11.000000,30.900000,28.250000
2015-08-27T11:12:23Z,51.672006,14.248005,130.300003,10.000000,30.700001,28.500000
2015-08-27T11:12:24Z,51.672223,14.248206,130.100006,10.000000,30.700001,28.250000
2015-08-27T11:12:25Z,51.672444,14.248426,130.199997,10.000000,31.000000,28.500000
2015-08-27T11:12:26Z,51.672673,14.248629,130.399994,11.000000,31.200001,28.500000
2015-08-27T11:12:27Z,51.672890,14.248840,130.899994,11.000000,31.500000,28.500000
2015-08-27T11:12:28Z,51.673095,14.249060,130.300003,11.000000,31.900000,28.250000
2015-08-27T11:12:29Z,51.673302,14.249253,129.800003,11.000000,31.400000,27.750000
2015-08-27T11:12:30Z,51.673518,14.249462,130.199997,11.000000,31.200001,27.750000
2015-08-27T11:12:31Z,51.673734,14.249672,129.699997,11.000000,30.799999,27.750000
2015-08-27T11:12:32Z,51.673930,14.249865,128.699997,11.000000,31.100000,27.500000
2015-08-27T11:12:33Z,51.674124,14.250059,128.800003,11.000000,31.000000,27.250000
2015-08-27T11:12:34Z,51.674336,14.250268,128.899994,11.000000,30.900000,27.250000
2015-08-27T11:12:35Z,51.674531,14.250469,127.800003,11.000000,31.000000,27.000000
2015-08-27T11:12:36Z,51.674744,14.250679,128.800003,11.000000,30.799999,27.250000
2015-08-27T11:12:37Z,51.674961,14.250890,128.600006,11.000000,30.799999,27.250000
2015-08-27T11:12:38Z,51.675182,14.251101,128.800003,11.000000,31.000000,27.500000
2015-08-27T11:12:39Z,51.675374,14.251297,127.500000,11.000000,31.100000,27.250000
2015-08-27T11:12:40Z,51.675584,14.251497,128.300003,11.000000,31.100000,27.250000
2015-08-27T11:12:41Z,51.675797,14.251698,128.399994,11.000000,31.000000,27.500000
2015-08-27T11:12:42Z,51.675986,14.251905,127.900002,11.000000,31.400000,27.250000
2015-08-27T11:12:43Z,51.676226,14.252115,128.199997,10.000000,31.000000,28.000000
2015-08-27T11:12:44Z,51.676443,14.252323,128.600006,11.000000,31.000000,28.000000
2015-08-27T11:12:45Z,51.676639,14.252528,128.500000,11.000000,31.100000,28.000000
2015-08-27T11:12:46Z,51.676856,14.252730,128.399994,11.000000,30.799999,27.750000
2015-08-27T11:12:47Z,51.677070,14.252938,128.199997,11.000000,30.900000,27.750000
2015-08-27T11:12:48Z,51.677301,14.253146,128.699997,11.000000,30.600000,28.000000
2015-08-27T11:12:49Z,51.677518,14.253345,128.500000,11.000000,30.600000,28.000000
2015-08-27T11:12:50Z,51.677730,14.253543,128.500000,12.000000,30.500000,27.750000
2015-08-27T11:12:51Z,51.677923,14.253742,128.000000,12.000000,30.600000,27.500000
2015-08-27T11:12:52Z,51.678158,14.253957,128.000000,12.000000,30.500000,28.000000
2015-08-27T11:12:53Z,51.678357,14.254168,127.500000,12.000000,30.900000,27.750000
2015-08-27T11:12:54Z,51.678570,14.254376,127.000000,12.000000,30.700001,27.750000
2015-08-27T11:12:55Z,51.678768,14.254569,126.699997,12.000000,30.900000,27.500000
2015-08-27T11:12:56Z,51.678992,14.254781,125.599998,12.000000,30.900000,27.750000
2015-08-27T11:12:57Z,51.679226,14.254999,125.099998,12.000000,30.700001,28.000000
2015-08-27T11:12:58Z,51.679447,14.255211,125.400002,12.000000,30.900000,28.000000
2015-08-27T11:12:59Z,51.679635,14.255402,125.400002,10.000000,30.500000,27.000000
